5 338
5.5 2472
6 4107
6.5 4188
7 3405
7.5 2522
8 2153
8.5 1812
9 1587
9.5 1346
10 1099
10.5 1013
11 919
11.5 803
12 755
12.5 735
13 698
13.5 654
14 677
14.5 687
15 737
15.5 732
16 781
16.5 827
17 848
17.5 876
18 1018
18.5 1029
19 1077
19.5 1142
20 1132
20.5 1231
21 1258
21.5 1440
22 1447
22.5 1586
23 1551
23.5 1688
24 1781
24.5 1784
25 2069
25.5 1981
26 2096
26.5 2271
27 2365
27.5 2411
28 2434
28.5 2641
29 2597
29.5 2790
30 2784
30.5 2907
31 3007
31.5 3167
32 3259
32.5 3462
33 3446
33.5 3626
34 3895
34.5 3932
35 3946
35.5 4116
36 4295
36.5 4295
37 4656
37.5 4689
38 4798
38.5 5000
39 5018
39.5 5082
40 5113
40.5 5475
41 5593
41.5 5756
42 5997
42.5 6129
43 6209
43.5 6501
44 6668
44.5 6652
45 6949
45.5 6837
46 7149
46.5 7273
47 7436
47.5 7778
48 8049
48.5 7988
49 8218
49.5 8450
50 8630
50.5 8796
51 8929
51.5 9335
52 9504
52.5 9744
53 9834
53.5 9910
54 10032
54.5 10419
55 10568
55.5 10834
56 10892
56.5 11402
57 11334
57.5 11759
58 11677
58.5 12134
59 12283
59.5 12576
60 12913
60.5 12821
61 13209
61.5 13265
62 13833
62.5 13943
63 14174
63.5 14485
64 14739
64.5 14891
65 15028
65.5 15365
66 15625
66.5 15754
67 16197
67.5 16357
68 16697
68.5 16757
69 17130
69.5 17412
70 17489
70.5 17748
71 17997
71.5 18401
72 18650
72.5 18835
73 19282
73.5 19648
74 19567
74.5 20168
75 20013
75.5 20441
76 20721
76.5 21335
77 21582
77.5 21585
78 21961
78.5 22081
79 22701
79.5 23052
80 23045
80.5 23460
81 23559
81.5 24374
82 24600
82.5 25043
83 25021
83.5 25365
84 25595
84.5 26028
85 26424
85.5 26880
86 26956
86.5 27433
87 27514
87.5 27822
88 28348
88.5 28688
89 29306
89.5 29285
90 29810
90.5 29910
91 30413
91.5 30481
92 31003
92.5 31464
93 31820
93.5 31894
94 32040
94.5 33161
95 33156
95.5 33438
96 33761
96.5 34443
97 34702
97.5 35045
98 35360
98.5 35785
99 36097
99.5 36640
100 37000
100.5 37505
101 37165
101.5 37984
102 38402
102.5 38623
103 39150
103.5 39578
104 39819
104.5 40604
105 40337
105.5 41157
106 41631
106.5 42168
107 41889
107.5 42998
108 43386
108.5 43765
109 43927
109.5 44317
110 44851
110.5 45213
111 45997
111.5 46196
112 46773
112.5 47130
113 47810
113.5 48220
114 48498
114.5 48730
115 49194
115.5 49797
116 50530
116.5 50922
117 51287
117.5 51408
118 52050
118.5 52569
119 52768
119.5 53233
120 53372
120.5 54067
121 54577
121.5 55272
122 55225
122.5 56138
123 56550
123.5 57347
124 57334
124.5 57884
125 58097
125.5 58805
126 59448
126.5 59865
127 59994
127.5 61243
128 61452
128.5 61801
129 62286
129.5 62765
130 63481
130.5 63156
131 64140
131.5 64126
132 65240
132.5 65515
133 65651
133.5 66904
134 66900
134.5 67515
135 68096
135.5 68698
136 69172
136.5 69487
137 69900
137.5 70710
138 71089
138.5 71694
139 72450
139.5 72790
140 72951
140.5 73261
141 74508
141.5 74306
142 74718
142.5 75931
143 76018
143.5 77302
144 77682
144.5 77801
145 78462
145.5 79403
146 79543
146.5 80092
147 81189
147.5 80817
148 82751
148.5 82189
149 82871
149.5 83431
150 84182
150.5 84813
151 85170
151.5 86061
152 86534
152.5 87782
153 87561
153.5 88661
154 88996
154.5 90018
155 90502
155.5 91071
156 91208
156.5 92454
157 93199
157.5 93009
158 93789
158.5 94353
159 95184
159.5 95360
160 96293
160.5 96098
161 97805
161.5 97468
162 98611
162.5 99161
163 99316
163.5 100475
164 101122
164.5 101941
165 102129
165.5 102841
166 103107
166.5 104190
167 105116
167.5 105501
168 106125
168.5 106311
169 107189
169.5 108164
170 109197
170.5 109852
171 109811
171.5 110540
172 110862
172.5 111940
173 112752
173.5 113366
174 114348
174.5 114884
175 115967
175.5 116171
176 116422
176.5 117205
177 117774
177.5 119434
178 118851
178.5 119731
179 121204
179.5 120924
180 122385
180.5 123061
181 122978
181.5 123958
182 124995
182.5 125343
183 125977
183.5 126868
184 127609
184.5 128686
185 128659
185.5 130024
186 129854
186.5 131066
187 131270
187.5 132654
188 133512
188.5 134248
189 134521
189.5 135397
190 136717
190.5 136436
191 137608
191.5 137985
192 138565
192.5 140043
193 140483
193.5 141267
194 141993
194.5 142581
195 143138
195.5 143848
196 144850
196.5 145318
197 146644
197.5 146482
198 148140
198.5 148187
199 149014
199.5 150579
200 150683
